50	50	10000000	Number of particles
1246	1284	1405	1457	1602	1743	1889	2011	2114	2389	2455	2564	2777	2998	3177	3296	3542	3533	3800	3893	4038	4188	4351	4290	4310	4354	4228	4283	4145	3981	3867	3832	3772	3370	3349	3141	3040	2771	2618	2418	2345	2167	1937	1883	1766	1618	1504	1387	1302	1220
1342	1273	1457	1514	1626	1749	1816	1987	2185	2267	2516	2687	2864	3034	3330	3403	3487	3826	3919	3924	4122	4347	4313	4363	4448	4399	4468	4435	4359	4280	4138	4101	3657	3601	3383	3245	3066	2847	2689	2555	2378	2139	1998	1916	1735	1668	1511	1376	1342	1214
1233	1344	1442	1550	1674	1813	1986	2026	2280	2400	2609	2786	2935	3208	3264	3482	3655	3820	4072	4150	4272	4295	4422	4520	4687	4601	4631	4437	4455	4296	4032	4045	3871	3749	3552	3284	3115	2880	2726	2596	2322	2258	2052	1941	1801	1623	1599	1422	1423	1259
1201	1298	1395	1606	1623	1729	1981	2077	2278	2493	2553	2737	2959	3184	3501	3494	3700	3919	4074	4147	4360	4473	4493	4736	4718	4733	4605	4594	4483	4312	4090	4031	3947	3779	3584	3389	3157	3017	2803	2579	2468	2327	2136	1964	1782	1640	1534	1353	1388	1238
1298	1302	1357	1503	1622	1710	1964	2096	2278	2436	2593	2723	2908	3191	3364	3605	3835	3987	4029	4374	4426	4497	4698	4626	4674	4782	4664	4659	4519	4372	4340	4024	3838	3862	3473	3402	3215	3001	2859	2558	2447	2276	2086	1891	1818	1621	1521	1360	1344	1198
1261	1343	1447	1543	1591	1755	1941	2074	2203	2454	2579	2778	3131	3245	3438	3528	3842	3970	4256	4274	4434	4711	4611	4768	4792	4740	4709	4621	4692	4561	4376	4167	4050	3816	3582	3343	3208	2951	2770	2610	2453	2189	2116	1953	1795	1681	1597	1416	1300	1227
1239	1346	1390	1556	1681	1751	1962	2077	2247	2443	2750	2796	3014	3154	3453	3582	3905	4034	4183	4221	4496	4618	4573	4805	4706	4844	4863	4775	4486	4461	4345	4194	3982	3796	3717	3487	3176	2994	2844	2749	2507	2272	2075	1957	1751	1655	1546	1376	1289	1229
1235	1303	1385	1515	1689	1812	1913	2037	2252	2415	2591	2755	2980	3155	3388	3546	3766	3970	4231	4395	4411	4512	4702	4688	4816	4797	4806	4711	4608	4515	4373	4196	3993	3852	3621	3354	3211	2991	2699	2665	2360	2253	2136	1932	1749	1680	1505	1476	1365	1220
1230	1290	1383	1459	1628	1762	1840	2200	2209	2487	2545	2805	3083	3211	3361	3590	3810	3922	4162	4287	4372	4569	4723	4680	4682	4598	4801	4678	4405	4333	4353	4177	3916	3821	3717	3383	3183	2980	2839	2553	2337	2165	2010	1968	1738	1583	1524	1411	1285	1212
1231	1315	1367	1462	1564	1788	1867	2076	2229	2462	2591	2692	2952	3208	3379	3540	3685	3774	4024	4162	4475	4453	4454	4631	4607	4600	4653	4602	4527	4326	4215	4059	3863	3784	3468	3381	3231	2924	2772	2578	2364	2180	2016	1937	1740	1609	1465	1439	1319	1229
1178	1232	1376	1458	1645	1729	1800	2070	2176	2359	2409	2713	2934	2987	3356	3457	3673	3944	3961	4190	4271	4356	4431	4607	4502	4535	4654	4435	4452	4296	4231	4006	3798	3566	3435	3361	3078	2816	2767	2480	2339	2229	2042	1862	1724	1539	1374	1412	1294	1158
1161	1223	1325	1444	1509	1648	1796	1922	2133	2314	2353	2594	2708	2968	3148	3389	3642	3823	3859	3966	4202	4341	4329	4396	4421	4446	4394	4374	4404	4110	4059	3868	3711	3470	3292	3252	2993	2819	2563	2488	2326	2059	1976	1809	1676	1528	1453	1355	1203	1151
1147	1254	1312	1428	1565	1701	1817	1889	1958	2213	2458	2497	2720	2941	3144	3285	3400	3699	3717	3911	4056	4040	4153	4295	4313	4256	4225	4258	4056	4042	3976	3804	3684	3415	3338	3077	2884	2652	2523	2493	2228	2071	1922	1755	1620	1513	1401	1333	1243	1211
1141	1169	1285	1362	1604	1571	1715	1834	2011	2190	2302	2425	2713	2713	2961	3196	3319	3479	3565	3725	3906	4003	4018	4180	4111	4097	4055	4020	3964	3945	3829	3674	3522	3407	3100	3017	2754	2571	2539	2327	2127	1929	1811	1675	1616	1484	1459	1295	1152	1107
1077	1182	1227	1305	1474	1608	1682	1744	1960	2069	2279	2387	2619	2712	2929	3133	3153	3205	3523	3652	3709	3772	3902	3890	4028	3964	3861	3946	3743	3753	3616	3547	3257	3289	3084	2870	2667	2581	2421	2288	2098	1941	1768	1728	1562	1454	1342	1261	1190	1080
1031	1176	1236	1312	1354	1547	1643	1759	1909	2074	2141	2364	2359	2616	2583	2924	3012	3234	3361	3363	3485	3622	3594	3747	3650	3777	3679	3707	3601	3515	3429	3361	3162	3116	2912	2680	2598	2452	2235	2137	2008	1833	1714	1572	1534	1467	1283	1214	1132	1001
1069	1073	1107	1312	1312	1430	1585	1714	1882	1976	1995	2209	2333	2476	2639	2812	2961	3080	3136	3230	3397	3471	3432	3472	3544	3425	3434	3515	3400	3318	3323	3108	3089	2837	2745	2651	2400	2313	2238	1962	1869	1759	1722	1502	1448	1364	1227	1153	1074	1038
982	1096	1141	1234	1290	1346	1481	1587	1743	1813	1999	2031	2125	2317	2507	2629	2721	2856	2918	3078	3100	3234	3243	3279	3256	3303	3262	3211	3199	3129	3152	2973	2943	2705	2560	2542	2458	2203	2103	2050	1823	1716	1604	1504	1318	1313	1166	1124	1049	981
987	971	1064	1128	1207	1396	1378	1483	1577	1792	1885	2033	2085	2320	2293	2447	2645	2648	2797	2896	3006	3078	3024	2966	3178	3091	3152	3058	2988	2945	2850	2758	2628	2514	2453	2293	2227	2125	1955	1817	1804	1522	1541	1341	1367	1242	1146	1066	1028	964
978	977	1060	1120	1183	1294	1322	1435	1576	1636	1772	1816	2019	2147	2187	2304	2278	2441	2605	2753	2672	2882	2779	2945	2872	2938	2990	2846	2776	2719	2775	2643	2503	2408	2271	2253	2063	2004	1980	1803	1709	1528	1455	1346	1311	1227	1171	1037	978	925
840	944	997	1063	1117	1145	1290	1379	1437	1545	1651	1777	1831	1997	2123	2181	2180	2346	2419	2512	2595	2636	2693	2596	2742	2719	2739	2689	2767	2596	2532	2409	2295	2139	2159	2019	1907	1865	1755	1656	1607	1473	1365	1342	1196	1136	1070	968	914	878
885	914	983	1029	1088	1162	1275	1303	1367	1427	1571	1687	1739	1855	1849	2053	2095	2124	2208	2320	2421	2465	2487	2501	2578	2557	2600	2519	2413	2461	2317	2207	2128	2222	2053	1980	1897	1871	1686	1593	1453	1401	1304	1314	1186	1051	1070	965	876	813
828	866	869	929	1019	1105	1181	1171	1321	1339	1538	1598	1672	1725	1728	1835	1922	1946	2077	2141	2200	2235	2234	2336	2323	2377	2308	2307	2235	2203	2107	2184	1959	1948	1973	1844	1764	1611	1565	1507	1390	1352	1250	1184	1173	1015	997	931	936	810
761	870	862	918	953	1065	1107	1243	1198	1332	1344	1446	1520	1607	1631	1749	1842	1939	1951	2097	2138	2142	2157	2090	2114	2136	2076	2211	2069	1926	1970	2005	1896	1831	1743	1706	1571	1556	1465	1362	1353	1247	1168	1067	1026	940	893	817	847	754
723	779	797	891	943	969	1061	1039	1150	1132	1266	1353	1480	1459	1528	1572	1675	1772	1754	1816	1828	1973	1943	2016	1971	1954	2005	1979	2011	1915	1832	1901	1736	1675	1520	1599	1423	1403	1249	1304	1222	1151	1116	999	994	875	855	829	808	734
724	762	806	785	888	902	955	973	1082	1174	1177	1305	1310	1344	1378	1500	1518	1566	1678	1769	1743	1784	1783	1862	1830	1869	1826	1826	1830	1762	1645	1629	1682	1537	1584	1444	1416	1331	1228	1153	1127	1088	1011	1045	937	900	853	758	736	729
652	698	720	755	797	839	889	942	1044	1035	1129	1164	1217	1246	1381	1366	1423	1493	1599	1650	1613	1658	1650	1707	1659	1664	1713	1611	1541	1625	1537	1538	1449	1466	1331	1373	1277	1267	1141	1112	1068	994	971	903	849	783	780	726	644	695
643	676	687	683	830	787	826	961	920	1069	1053	1070	1158	1260	1180	1281	1313	1423	1385	1411	1554	1487	1504	1576	1478	1501	1581	1473	1522	1428	1419	1360	1387	1355	1241	1276	1208	1112	1097	1094	998	955	881	851	813	749	763	730	654	647
610	633	642	678	707	797	811	826	882	970	916	960	1091	1132	1100	1190	1255	1215	1276	1321	1337	1355	1453	1386	1423	1503	1390	1388	1345	1298	1335	1373	1314	1254	1208	1128	1081	1015	1035	994	920	873	853	795	773	753	712	663	610	619
609	642	597	664	673	684	715	796	825	864	889	963	950	1057	1046	1136	1161	1139	1203	1243	1270	1268	1312	1286	1249	1307	1254	1270	1306	1313	1235	1167	1212	1145	1120	1111	1058	952	936	858	861	849	770	750	737	700	670	647	555	559
557	594	599	593	643	697	691	741	793	777	856	920	902	943	940	1013	1006	1074	1107	1141	1149	1235	1191	1162	1162	1173	1247	1175	1185	1122	1092	1137	987	1087	996	959	992	916	906	817	779	821	758	690	713	613	572	567	591	547
499	579	564	583	617	626	649	716	754	723	786	788	870	880	924	889	967	996	1025	1056	1047	1055	1069	1071	1117	1075	1103	1088	1017	1049	1052	979	993	967	909	892	917	882	841	807	782	742	712	649	596	605	582	585	543	545
506	498	536	552	585	581	638	638	652	720	769	732	785	803	849	812	851	903	811	928	948	935	1010	1022	1013	973	984	904	1033	946	953	904	894	911	831	851	820	820	739	747	687	677	620	654	530	577	559	554	516	500
462	506	505	525	529	523	598	595	611	621	702	671	704	764	817	797	821	862	844	858	955	916	938	867	896	918	892	914	903	891	892	834	813	797	829	794	740	728	740	683	665	593	594	568	564	571	484	488	449	479
434	448	460	512	482	497	560	524	626	586	601	655	658	727	731	755	795	762	836	783	801	833	819	860	835	850	811	827	837	775	806	804	791	770	739	762	705	669	650	615	608	562	546	559	508	500	479	510	493	402
441	417	427	490	434	496	517	533	530	573	626	617	617	678	679	680	701	718	688	747	716	755	736	743	831	788	729	758	736	794	740	695	715	717	680	697	693	584	603	607	590	528	499	506	481	490	511	445	452	403
392	372	432	438	483	466	483	477	536	535	535	581	577	630	595	684	643	647	688	666	666	711	696	707	764	690	775	703	731	723	656	646	653	650	610	638	583	571	563	568	559	478	490	479	458	450	443	406	419	386
383	340	387	410	446	463	435	478	510	501	506	503	547	562	551	559	608	615	567	602	656	647	642	677	663	626	654	629	645	656	626	633	544	583	597	558	574	542	451	504	484	493	444	464	430	433	419	358	405	396
366	366	372	373	372	409	436	426	483	474	499	478	477	520	527	504	578	560	574	560	625	591	597	569	601	621	592	631	621	614	534	568	575	534	527	502	521	478	465	493	494	439	453	392	410	398	365	375	347	411
338	310	351	372	381	373	354	377	446	442	462	440	479	497	504	518	502	521	540	576	557	549	565	564	532	574	569	594	559	574	514	548	495	476	461	509	492	438	446	471	413	434	378	425	378	347	311	331	336	344
322	302	318	347	366	319	391	400	386	432	443	406	402	476	450	497	497	470	493	475	487	507	534	481	510	485	505	498	498	545	495	464	488	464	450	444	448	416	405	417	402	382	390	362	380	345	333	339	329	309
327	299	324	304	356	348	376	354	352	370	381	363	413	406	392	467	450	465	422	450	465	476	477	469	456	456	494	457	433	451	456	451	422	444	450	427	408	436	407	392	376	370	327	339	339	318	304	290	312	300
283	312	313	290	325	340	307	368	365	351	345	372	374	411	423	398	425	411	415	426	425	439	433	413	438	397	482	450	455	460	441	415	421	440	400	424	410	388	372	350	370	356	348	315	327	320	301	293	289	304
288	290	252	291	311	294	318	295	321	342	334	352	348	357	362	407	399	383	373	398	423	405	396	424	411	377	405	418	380	414	405	404	394	386	396	346	350	329	335	347	305	353	343	301	339	321	294	274	264	255
279	291	278	263	267	304	270	310	318	311	299	325	335	364	375	353	325	316	408	343	366	411	342	390	393	379	360	392	366	377	379	359	408	355	358	324	345	302	349	330	306	322	290	277	299	264	292	282	238	250
232	240	237	245	258	259	265	273	274	281	305	306	299	338	314	300	359	319	318	373	324	336	345	334	351	346	336	356	317	345	379	320	321	332	344	327	294	284	302	326	305	282	300	290	285	293	242	291	238	281
272	238	240	238	266	223	284	257	265	261	320	303	299	283	323	288	329	315	336	339	350	360	330	326	321	307	295	342	360	316	323	320	315	337	323	333	319	315	266	257	292	267	283	276	245	247	246	251	244	231
235	235	239	251	220	233	262	241	268	281	266	288	270	288	275	317	313	307	297	297	324	308	305	353	309	286	291	308	286	317	318	314	310	288	284	307	283	271	265	237	248	224	255	231	253	199	238	238	222	232
224	227	259	228	229	219	191	245	235	251	260	254	278	313	278	263	251	295	311	291	289	286	288	304	300	313	313	293	293	263	286	279	291	297	283	234	279	238	285	244	262	235	217	235	253	255	236	229	227	229
213	227	216	219	252	210	237	228	247	268	237	265	281	283	253	279	279	269	311	292	270	290	256	254	247	287	288	304	280	279	261	273	272	263	246	229	275	263	254	270	222	243	262	209	205	218	216	204	202	223
